SIMPLE  = T
BITPIX  = -64
NAXIS   = 2
NAXIS1  = 207
NAXIS2  = 207
CTYPE1  = 'RA---TAN'
CTYPE2  = 'DEC--TAN'
CRVAL1  =  340.063330
CRVAL2  =   -2.424720
CRPIX1  =  104.000000
CRPIX2  =  104.000000
CDELT1  =   -0.000277778
CDELT2  =    0.000277778
CROTA2  =    0.000000
EQUINOX = 2000.0
END
